0 0 0 0 0 0 0 0 0,2 0,2 0,1 0,1 0 0 0 0 0 0,1 0,1 0,1 0,1 0,1 0,2 0,1 0,1 0 0 0 0 0 
0 0 0 0 1,490116E-09 0,1 0,2 0,6 0,8000001 0,7 0,5 0,3 0,1 0 0 0,1 0,2 0,2 0,2 0,1 0,3 0,4 0,4 0,3 0,1 0 0 0 0 0 
0 0 0 0 1,490116E-09 0,1 0,3 0,8000001 1 0,8000001 0,7 0,3 0,1 0 0,2 0,2 0,2 0,2 0,4 0,4 0,5 0,6 0,7 0,6 0,6 0,3 0,2 0,1 0,1 0,1 
0 0 0 0 1,490116E-09 1,490116E-09 0,4 1 1 0,9000001 0,6 0,3 0,1 0,1 0,2 0,2 0,4 0,4 0,6 0,7 0,9000001 1 1 1 1 0,7 0,5 0,3 0,1 0,1 
0 0 0 0 1,490116E-09 1,490116E-09 0,3 1 1 1 0,6 0,3 0,2 0,2 0,3 0,3 0,5 0,8000001 1 1 1 1 1 1 1 1 0,6 0,4 0,2 0,1 
0 0 0 0 0 1,490116E-09 0,2 1 1 1 0,7 0,4 0,2 0,3 0,5 0,6 0,9000001 1 1 1 1 1 1 1 1 0,7 0,5 0,3 0,2 0,2 
0 0 0 0 0 1,490116E-09 0,2 1 1 1 0,9000001 0,3 0,5 0,5 0,7 0,8000001 1 0,9000001 1 0,9000001 1 1 0,9000001 0,8000001 0,6 0,2 0,4 0,2 0,2 0 
0 0 0 0 0 1,490116E-09 0,2 1 1 1 1 0,4 0,8000001 0,7 0,8000001 1 1 1 0,9000001 0,7 0,6 0,5 0,8000001 0,5 0,5 0,2 0,2 0,1 0,1 0 
0 0 0 0 0 1,490116E-09 0,1 1 1 1 1 0,7 0,8000001 0,9000001 1 1 0,9000001 1 0,7 0,4 0,3 0,4 0,3 0,3 0,1 0,1 0,1 0 0 0 
0 0 0 0 0 1,490116E-09 0,1 0,8000001 1 1 1 0,9000001 0,8000001 0,9000001 1 0,9000001 0,8000001 0,7 0,3 0,2 0,2 0,3 0,2 0,1 0,1 0,1 0 0 0 0 
0 0 0 0 0 1,490116E-09 0,2 0,9000001 1 1 1 0,9000001 0,8000001 1 1 0,8000001 0,6 0,4 0,1 0,1 0,2 0,3 0,2 0,1 0 0 0 0 0 0 
0 0 0 0 0 1,490116E-09 0,2 1 1 1 1 0,8000001 1 1 1 0,8000001 0,5 0,2 1,490116E-09 0,1 0,2 0,3 0,2 0 0 0 0 0 0 0 
0 0 0 0 0 1,490116E-09 0,4 1 1 1 1 1 1 1 1 0,5 0,3 1,490116E-09 1,490116E-09 0 0,2 0,2 0,2 0 0 0 0 0 0 0 
0 0 0 0 0 1,490116E-09 0,4 1 1 1 1 1 1 1 0,7 0,4 0,3 1,490116E-09 0,1 0,1 0,2 0,2 0 0 0 0 0 0 0 0 
0 0 0 0 0 0,1 0,4 1 1 1 1 1 1 0,8000001 0,5 0,4 0,1 0,1 0,1 0,2 0,2 0,1 0 0 0 0 0 0 0 0 
0 0 0 0 0 0,2 0,3 1 1 1 1 1 1 0,5 0,3 0,2 0,2 0,1 0,2 0,2 0,1 0 0 0 0 0 0 0 0 0 
0 0 0 0 0,1 0,2 0,4 1 1 1 1 1 1 1 0,5 0,3 0,2 0,3 0,2 0,1 0 0 0 0 0 0 0 0 0 0 
0 0 0 0 0,1 0,2 0,3 1 1 1 1 1 1 1 0,6 0,3 0,1 0,2 0,2 0,1 0 0 0 0 0 0 0 0 0 0 
0 0 0 0,1 0,2 0,3 0,5 1 1 1 1 1 1 1 1 0,4 0,4 0,2 0,2 0,1 0,1 0 0 0 0 0 0 0 0 0 
0 0 0 0,1 0,2 0,3 0,5 1 1 1 1 1 0,9000001 1 1 1 0,4 0,4 0,3 0,2 0,1 0 0 0 0 0 0 0 0 0 
0 0 0 0,1 0,2 0,2 0,6 1 1 1 1 1 0,7 0,9000001 1 1 0,8000001 0,4 0,3 0,3 0,3 0,2 0,2 0,2 0,1 0 0 0 0 0 
0 0 0 0,1 0,2 0,4 0,7 1 1 1 1 0,8000001 0,5 0,8000001 1 1 1 0,7 0,4 0,4 0,3 0,2 0,2 0,2 0,1 0 0 0 0 0 
0 0 0,1 0,1 0,2 0,4 0,7 1 1 1 1 0,6 0,4 0,4 0,8000001 1 1 1 0,7 0,5 0,5 0,4 0,2 0,2 0 0 0 0 0 0 
0 0 0,1 0,1 0,1 0,4 0,8000001 1 1 1 1 0,6 0,3 0,3 0,6 0,8000001 1 1 1 0,8000001 0,8000001 0,6 0,4 0,1 0 0 0 0 0 0 
0 0 0,1 0,1 0,2 0,4 0,8000001 1 1 1 0,8000001 0,3 0,3 0,2 0,3 0,5 1 1 1 1 1 0,7 0,4 0,2 0,1 0 0 0 0 0 
0 0 0,1 0,1 0,2 0,5 0,7 1 1 1 0,9000001 0,2 0,2 0,2 0,2 0,3 0,5 1 1 1 1 0,8000001 0,5 0,2 0,2 0,1 0 0 0 0 
0 0 0,1 0,1 0,2 0,6 0,8000001 1 1 1 0,9000001 0,2 0,1 0,1 0,2 0,2 0,3 0,5 0,7 0,9000001 0,9000001 0,9000001 0,7 0,3 0,1 0,1 0,1 0 0 0 
0 0 0,1 0,1 0,3 0,6 0,5 0,7 1 0,9000001 0,7 0,2 0,1 0 1,490116E-09 0,2 0,2 0,2 0,4 0,7 0,8000001 0,7 0,7 0,4 0,4 0,1 0,1 0,1 0 0 
0 0 0,1 0,1 0,3 0,6 0,5 0,6 0,6 0,8000001 0,4 0,1 0,1 0 0 0 0,2 0,2 0,3 0,3 0,5 0,3 0,4 0,3 0,2 0,1 0,1 0 0 0 
0 0,1 0,1 0,1 0,2 0,4 0,2 0,3 0,5 0,3 0,2 0 0 0 0 0 0 0,1 0,2 0,2 0,1 0 0 0,1 0 0 0 0 0 0 